2886030276 18
3322496057 30
2291156382 42
4016741657 54
3456037444 66
1013063448 78
769933025 90
3472777750 102
4271904450 114
600261310 126
4253890021 138
491067500 150
1896870845 162
1441184574 174
582970676 186
183727435 198
1470529503 210
56131357 222
769847597 234
32873256 246
126105474 258
3995249381 270
2677177648 282
3785945658 294
3747997963 306
3774146794 318
2481833849 330
1609026603 342
3296563158 354
2136072523 366
4055779593 378
3391802793 390
1221099821 402
3817218745 414
38821104 426
3816028805 438
1602648831 450
461283106 462
823068031 474
3015923741 486
2341519768 498
3331703710 510
3584624841 522
546007018 534
1342237390 546
1624829855 558
856804792 570
211354261 582
3382714779 594
2281951774 606
1112973498 30
3243992706 50
2624877409 70
1590345839 90
3465591212 110
2365351378 130
3458774319 150
3752518034 170
2527063600 190
3252756841 210
2353466779 230
4065360979 250
362198512 270
563182887 290
2319969469 310
378364114 330
3086364135 350
3477892749 370
269423598 390
2096243172 410
2917021866 430
432018034 450
4169187584 470
3784108115 490
1267211841 510
2469529677 530
1266442563 550
1240820468 570
3827658964 590
1327590742 610
1765613891 630
4053010938 650
1397854010 670
2623977393 690
2339580515 710
3374814052 730
3553071888 750
3096541962 770
2561192210 790
4132637543 810
2084409680 830
338485912 850
287954959 870
2529070894 890
1743287835 910
157506748 930
2965581345 950
2592805103 970
559861282 990
71008697 1010
1483288790 42
1815496267 70
2685960097 98
1189451220 126
2854132446 154
1586760213 182
2539232844 210
1394077311 238
4091205861 266
3248421060 294
1463323634 322
636081462 350
4210697176 378
1863413280 406
1387412005 434
974094208 462
1615511775 490
2772141066 518
1763708724 546
1406217979 574
4001395185 602
4167163588 630
4034157948 658
3020381430 686
2744871545 714
2216947623 742
3389362050 770
451688237 798
2958294011 826
662457968 854
1415351864 882
3082082708 910
568289289 938
687307244 966
4176934358 994
1238218328 1022
1507694392 1050
1647498642 1078
1047775260 1106
2409926733 1134
3353329356 1162
1117394823 1190
82479599 1218
2440936472 1246
3292925433 1274
2192357280 1302
2755546936 1330
1626756371 1358
3184129355 1386
49899936 1414
2068176288 54
556275639 90
547013634 126
2860187019 162
1815645725 198
1831346861 234
2693410145 270
2125810804 306
766274396 342
2422350040 378
4268289001 414
475867034 450
578994497 486
4287006383 522
2152575048 558
2745636731 594
1508847084 630
2877038229 666
1582718717 702
3700799497 738
1505224700 774
933193950 810
1208795321 846
2817432073 882
1335661609 918
2694884992 954
1881575808 990
4138856356 1026
3447034755 1062
2753713048 1098
693981145 1134
1208813228 1170
4067400245 1206
2400632051 1242
393753585 1278
3352620538 1314
4096854707 1350
945168309 1386
2601800103 1422
678905078 1458
2494336048 1494
2077234773 1530
2807108548 1566
643415705 1602
317375530 1638
1399204712 1674
2686413148 1710
468645956 1746
736833083 1782
1168488651 1818
3468958985 66
3792981829 110
3722991469 154
3517696212 198
3988999214 242
1118341012 286
1547918689 330
1968979926 374
3068492205 418
3916500164 462
735020721 506
1030275843 550
2869471923 594
4073851807 638
408704704 682
3141780685 726
2687451465 770
799031158 814
2666918380 858
3170887708 902
3265236812 946
998424229 990
147605662 1034
1491461406 1078
3714091352 1122
2639543385 1166
3006211042 1210
174774575 1254
2679319585 1298
373885181 1342
1195077371 1386
3496496848 1430
1828470366 1474
2980282090 1518
2315973334 1562
360394478 1606
2867769287 1650
241744616 1694
769149669 1738
303727303 1782
1271660343 1826
1326479016 1870
263724397 1914
4237038769 1958
2455852347 2002
3052204095 2046
3444249748 2090
2413427896 2134
2191741952 2178
1285539346 2222
2067912909 78
3295124857 130
2195217783 182
1318219697 234
2599608704 286
291947089 338
503779534 390
2648877650 442
2180105264 494
4146218282 546
1303809288 598
1727601112 650
1649180065 702
2265990156 754
553099019 806
3533181368 858
1711331963 910
2560202157 962
3080971889 1014
1307725710 1066
1754532412 1118
2302300516 1170
2929492396 1222
1478784421 1274
2312223036 1326
3528912800 1378
899086062 1430
507180141 1482
1962181847 1534
3385878294 1586
3591942850 1638
726137209 1690
2848357640 1742
2782283291 1794
2810131334 1846
3212990264 1898
1015617020 1950
3704784947 2002
3429664112 2054
3485482735 2106
4130557265 2158
3962011372 2210
58789864 2262
3871995840 2314
4117718303 2366
4264973476 2418
3929606937 2470
727352689 2522
2388846265 2574
2696443892 2626
2368529392 90
565892976 150
753992018 210
3666512381 270
796099732 330
365627854 390
882841058 450
1929528202 510
960071080 570
852595758 630
3219403899 690
3014879570 750
1220093048 810
3219859898 870
1402722416 930
1655024780 990
4292535449 1050
2978596331 1110
2253583021 1170
62340388 1230
2916335539 1290
2031784844 1350
2459473470 1410
1518697252 1470
1626054748 1530
1154494732 1590
3492552993 1650
2918025784 1710
3365730374 1770
3893823172 1830
779307754 1890
3783038460 1950
3516639807 2010
2343019203 2070
2807445951 2130
4094346772 2190
1014207453 2250
3665734012 2310
1779969591 2370
1991936239 2430
3734361110 2490
3133331585 2550
1101883145 2610
1968323800 2670
1380527755 2730
3884030687 2790
3034827766 2850
3142656899 2910
1358350127 2970
2211196578 3030
1669303581 102
2042085702 170
1682691311 238
1731845414 306
3022798583 374
552290635 442
3141084192 510
2556674777 578
3725193430 646
2598330388 714
2553541152 782
3979669591 850
841425916 918
4057307164 986
2729836854 1054
2117656562 1122
769894810 1190
1762605879 1258
4049270342 1326
2328725116 1394
2511126518 1462
1942865648 1530
2080257615 1598
2256941740 1666
1304372222 1734
460469182 1802
3976091924 1870
2617116346 1938
831121665 2006
2893881401 2074
2886333113 2142
3531668821 2210
2752838235 2278
2412941556 2346
4048269776 2414
4231294273 2482
3363568478 2550
3528068866 2618
4004056769 2686
3629373486 2754
2670563956 2822
1177296083 2890
3419709587 2958
3080193638 3026
704077676 3094
2827619228 3162
617955378 3230
4226434953 3298
1086608370 3366
891847065 3434
25444794 114
3894282591 190
2540603540 266
1567276010 342
249333656 418
3029034015 494
2489141777 570
2716260580 646
3304616901 722
4109004319 798
2707188428 874
1162402051 950
297448358 1026
2192521121 1102
1311088103 1178
4206280859 1254
2758052169 1330
2348496578 1406
2831187174 1482
4113708064 1558
2089618869 1634
2359239523 1710
926059159 1786
64499159 1862
3453129650 1938
4175795969 2014
2834866739 2090
968593528 2166
3472005475 2242
1799543711 2318
1104279753 2394
1677193534 2470
741256551 2546
620687139 2622
3229362396 2698
438737674 2774
4227255278 2850
2170207687 2926
3236659057 3002
2602073614 3078
1907065038 3154
497387616 3230
3732484819 3306
1811237760 3382
2798279626 3458
1567149683 3534
1992315183 3610
891020825 3686
1941689294 3762
3767491908 3838
2616384170 126
1061736495 210
2978333906 294
3910998290 378
3300024323 462
2641477826 546
2527081866 630
241305181 714
4279821665 798
2337846975 882
1428008635 966
1270215308 1050
4141408116 1134
994969094 1218
2179923407 1302
2978137394 1386
2503095070 1470
1592936135 1554
3329720230 1638
3600603976 1722
239776482 1806
2357365771 1890
1494867480 1974
2475400514 2058
4116317045 2142
1465033652 2226
2052478652 2310
1989171686 2394
2125306682 2478
1107702923 2562
817284745 2646
3259325871 2730
3927149246 2814
1154083785 2898
1289503338 2982
1374282761 3066
2413100724 3150
3523961549 3234
740387177 3318
3199323102 3402
3661661422 3486
1971839907 3570
1794291026 3654
487156430 3738
1212213187 3822
413490560 3906
616701433 3990
2103676466 4074
3176392336 4158
3930346291 4242
3282899673 138
169922154 230
2012167754 322
3441740589 414
2825045829 506
1710433978 598
2824381149 690
2293041370 782
288388265 874
2509045629 966
2414914354 1058
1617824419 1150
3149835106 1242
642936352 1334
4263330107 1426
986012359 1518
1005618041 1610
4153839454 1702
1848842085 1794
3922529037 1886
2781587839 1978
88515443 2070
3342374584 2162
3796821120 2254
3632910892 2346
3747635699 2438
1306479054 2530
3097218868 2622
3557012538 2714
1531333939 2806
2030989996 2898
3745096931 2990
1400605890 3082
2593371984 3174
1402535178 3266
3226044233 3358
3495715353 3450
897934502 3542
4189476548 3634
2030918833 3726
1025778758 3818
1513356585 3910
3228375644 4002
2336364307 4094
3436426766 4186
2300026009 4278
2395376743 4370
646521942 4462
4165123550 4554
4137255617 4646
1652448902 150
1943550650 250
384172969 350
2195574639 450
2214417715 550
1728898103 650
1382398113 750
2879512876 850
1611714957 950
4024579302 1050
1986700977 1150
1301644237 1250
4180302804 1350
1859753001 1450
2452392256 1550
982800148 1650
1288079602 1750
3464033236 1850
296575319 1950
1803757916 2050
1792450492 2150
3648157800 2250
3219963242 2350
3298888115 2450
1341956198 2550
1095248664 2650
3181991337 2750
1795961917 2850
142405327 2950
3592806932 3050
756898298 3150
2481267619 3250
1467103898 3350
1639240049 3450
2397777041 3550
3291882094 3650
1911780439 3750
101034660 3850
2393521091 3950
3644234652 4050
3105854584 4150
2842168994 4250
2218685000 4350
1792670164 4450
2535018773 4550
3427736784 4650
826896803 4750
1389512367 4850
1252600051 4950
315459029 5050
1242939997 162
4129856221 270
4289605274 378
381407124 486
4123905625 594
729152118 702
4102528479 810
3108590713 918
2437517090 1026
2722857778 1134
3562825174 1242
1648970915 1350
208484069 1458
3896767630 1566
1706102473 1674
1796532074 1782
333036855 1890
2088251752 1998
3637208966 2106
2509441471 2214
3907855428 2322
495605575 2430
3997057429 2538
744379504 2646
1358574906 2754
302237348 2862
793544909 2970
1577943990 3078
2188495052 3186
2150161187 3294
3303795218 3402
2145669720 3510
2846916690 3618
1588983974 3726
4270954282 3834
607220675 3942
1645949777 4050
471119995 4158
1929225344 4266
3510894693 4374
2025394192 4482
1842062641 4590
2684831609 4698
2714199696 4806
2958750774 4914
254124069 5022
2580928905 5130
669239634 5238
1091062393 5346
3503762521 5454
1086062356 174
3765404312 290
1532897850 406
271039211 522
3149447601 638
3379590538 754
3716355120 870
5995397 986
2050151411 1102
4252373653 1218
773757484 1334
3169733116 1450
3233650813 1566
3475254702 1682
3290675832 1798
628757893 1914
3603785820 2030
1395277629 2146
1222824844 2262
587638363 2378
1474967549 2494
4058641893 2610
3544775470 2726
1884624971 2842
2282305832 2958
1815923975 3074
4142527109 3190
2302910985 3306
4111729427 3422
2066110015 3538
1870654802 3654
1826840285 3770
2402997612 3886
416950627 4002
1150102937 4118
2932548646 4234
3615486209 4350
2881453036 4466
3706547833 4582
2251957914 4698
699042790 4814
949848945 4930
878137554 5046
1076023494 5162
1802882371 5278
2712210761 5394
3106110465 5510
2200316416 5626
1970298093 5742
2306171971 5858
1132037503 186
1443253257 310
1711168824 434
839707712 558
2786568434 682
1114544040 806
3640310036 930
394239151 1054
2877413848 1178
889895055 1302
1120249307 1426
313404451 1550
11800598 1674
1971379007 1798
2788631099 1922
2122756927 2046
436159073 2170
2575533975 2294
3468938672 2418
898820850 2542
3292906005 2666
564417657 2790
773546432 2914
3074124784 3038
1457998653 3162
3236347391 3286
3742736363 3410
4089849293 3534
3850976161 3658
2602379811 3782
3429059515 3906
1376439659 4030
1133389858 4154
2094222045 4278
2297677086 4402
4195260160 4526
451975331 4650
3405943064 4774
852535249 4898
1640139069 5022
4136672867 5146
2243607482 5270
1225642266 5394
22578352 5518
2361425612 5642
2642580837 5766
3719503640 5890
1962892414 6014
2489148559 6138
809027446 6262
467683710 198
3791360189 330
1829587370 462
3132449134 594
3589307972 726
2487004838 858
1113214477 990
507946320 1122
1918072273 1254
302509666 1386
3227610397 1518
2196744172 1650
27246815 1782
2439904338 1914
1079017075 2046
2956044574 2178
1695882623 2310
3853297233 2442
1240145388 2574
3508066793 2706
1013436763 2838
3345637158 2970
2595051313 3102
3249271612 3234
460151358 3366
1404485331 3498
1579839916 3630
3081151488 3762
3790527692 3894
3640822533 4026
38254663 4158
3923267486 4290
3258054098 4422
342257643 4554
2708945371 4686
1508908355 4818
1116695461 4950
1642091530 5082
3902041847 5214
700277470 5346
576390693 5478
2254466713 5610
1102285751 5742
3698369401 5874
349770019 6006
1552175135 6138
3773924950 6270
286089587 6402
2187449374 6534
3760235621 6666
2945036141 210
1211377129 350
1064136785 490
4031524565 630
1531766331 770
2969891404 910
1045909263 1050
608425355 1190
3960488594 1330
538462542 1470
2261355687 1610
1607384584 1750
2818740872 1890
893456818 2030
24926889 2170
2988565845 2310
1481213770 2450
4022327918 2590
625118140 2730
749778287 2870
686921827 3010
2834418793 3150
3235015535 3290
746915118 3430
1137625535 3570
3839843640 3710
612875746 3850
2618310903 3990
2510397295 4130
342611514 4270
650420126 4410
3791043194 4550
1277362269 4690
2832016149 4830
2620290322 4970
2624690396 5110
959825457 5250
2559704710 5390
382842334 5530
4083668937 5670
3769790636 5810
3462268544 5950
411574930 6090
3041940900 6230
1700558181 6370
528102497 6510
2743524711 6650
2897605183 6790
3090116391 6930
3193672600 7070
1623856529 222
3533009021 370
2644191075 518
2943247495 666
4081671221 814
4018376720 962
1841675646 1110
482803615 1258
3076554883 1406
28783284 1554
855557658 1702
826563421 1850
731952514 1998
721520997 2146
103255954 2294
4281081852 2442
1996154212 2590
341814356 2738
2048741976 2886
2761275135 3034
97387346 3182
2576580118 3330
3565092780 3478
3626772843 3626
2738246819 3774
4038925784 3922
3761676565 4070
3081811730 4218
3672872897 4366
699500535 4514
178335572 4662
1170357915 4810
3367027558 4958
4132600902 5106
14550931 5254
4269731704 5402
1261333385 5550
956441100 5698
4042280310 5846
1949264586 5994
2819813036 6142
1935107718 6290
3879792691 6438
1273928136 6586
1102575246 6734
2172564512 6882
962570722 7030
635856888 7178
4141807989 7326
3119190591 7474
276332098 234
4191359747 390
3921026674 546
313034925 702
3926920961 858
1700406101 1014
1846930554 1170
2689310126 1326
670802262 1482
4062284029 1638
2709473408 1794
2527023714 1950
3359111004 2106
1180327850 2262
1961721747 2418
2856496127 2574
1053371377 2730
4242211715 2886
1792913106 3042
675301657 3198
1975607007 3354
754004987 3510
2870322293 3666
1491996323 3822
3281335960 3978
2553450529 4134
1997439016 4290
1687834970 4446
887079852 4602
3666011521 4758
2163828608 4914
4148103177 5070
1043448830 5226
2931339317 5382
244066278 5538
4042812401 5694
2017533669 5850
3154617016 6006
4289854105 6162
2057310710 6318
298094917 6474
3717738915 6630
3618947107 6786
2109906715 6942
2000350804 7098
384579132 7254
157003261 7410
3544483223 7566
1717115358 7722
2245999991 7878
1445041173 246
2900217870 410
1807277490 574
4288154705 738
1716613559 902
87244154 1066
1368194103 1230
2200260644 1394
4088190438 1558
3864677707 1722
1268456236 1886
98347929 2050
2314275844 2214
3985342304 2378
1940209386 2542
1955651106 2706
1690845782 2870
559903267 3034
537073959 3198
2995617426 3362
795220029 3526
3979960200 3690
3949967357 3854
1246917018 4018
4197049765 4182
2355639260 4346
628493287 4510
1945704695 4674
1554013258 4838
3297243043 5002
2114289122 5166
1563303152 5330
3250190326 5494
3732569938 5658
3661050760 5822
3801796699 5986
3670695209 6150
559640034 6314
1292251255 6478
3868983276 6642
1635521868 6806
528748265 6970
1138121780 7134
428099040 7298
3710818652 7462
2633573236 7626
2007945918 7790
1223368854 7954
1517173528 8118
2559965047 8282
3619609783 258
3832293420 430
4027775208 602
266790506 774
130081682 946
1592192304 1118
1048285743 1290
2073339217 1462
928617758 1634
702132986 1806
102464911 1978
654466486 2150
641690426 2322
463423613 2494
3853431869 2666
2068464222 2838
325466203 3010
3787321604 3182
3981576148 3354
2719147201 3526
3137044412 3698
1219972428 3870
2961254869 4042
2848498061 4214
1004672949 4386
4183679272 4558
1620068248 4730
3803477002 4902
2808309801 5074
3529562030 5246
155278149 5418
4002258284 5590
566386560 5762
2411586037 5934
2422537508 6106
3789428419 6278
2567066073 6450
4040127892 6622
569126040 6794
3806422445 6966
3355039865 7138
274864907 7310
1041096936 7482
392305705 7654
1050477830 7826
604134817 7998
2899814921 8170
1525415641 8342
1061651451 8514
3750999479 8686
3147798106 270
2202224054 450
3650808457 630
2026181730 810
2242622975 990
97703718 1170
3052796615 1350
980812120 1530
1814509339 1710
1016008927 1890
3627474328 2070
2408890787 2250
1370646387 2430
3298573057 2610
2532215174 2790
3180508978 2970
2440712849 3150
2809595804 3330
3439425470 3510
3425193430 3690
1043893315 3870
3752758150 4050
1487232537 4230
809744604 4410
2835426751 4590
1608606094 4770
3177727478 4950
3726327992 5130
2900025253 5310
3586648747 5490
1029278005 5670
914301503 5850
2337066892 6030
2847912519 6210
1912732557 6390
3974155492 6570
2080724106 6750
3239276828 6930
1527986647 7110
1276473225 7290
4227945755 7470
2732807484 7650
3751767209 7830
2814015486 8010
3802204507 8190
693979975 8370
622117669 8550
2149088916 8730
2818405308 8910
2832457907 9090
3500634506 282
3043552955 470
1214258633 658
2608299015 846
305232579 1034
4128593317 1222
1417882933 1410
170161379 1598
1000815297 1786
3737816608 1974
2455977387 2162
1776231569 2350
3656423858 2538
461247000 2726
16518829 2914
3779203305 3102
4291386329 3290
1371849461 3478
3794430004 3666
3462912918 3854
2008161512 4042
321735824 4230
2211288652 4418
1739316755 4606
433540410 4794
1675655640 4982
429232134 5170
1605432163 5358
3465947392 5546
1807916987 5734
2516876188 5922
2396823999 6110
3766123240 6298
2962545295 6486
1427056481 6674
2189075550 6862
4016006334 7050
808619918 7238
2106640237 7426
2613504001 7614
1686985226 7802
2465245864 7990
312776156 8178
2371927339 8366
1840472646 8554
2891818644 8742
1832953365 8930
2527783036 9118
3986158580 9306
1020949602 9494
4108026175 294
3565595217 490
3943634239 686
91075254 882
254183047 1078
551705155 1274
795856480 1470
3819818422 1666
2707876618 1862
361739734 2058
635666261 2254
1641433586 2450
802786176 2646
4049306320 2842
3227093389 3038
1939090147 3234
1825107051 3430
1421762825 3626
237802150 3822
3519720547 4018
494004956 4214
547590144 4410
3843634283 4606
862916009 4802
3832417788 4998
2901415007 5194
612832426 5390
2071082627 5586
4155613951 5782
3956295363 5978
168825765 6174
3195187570 6370
722484656 6566
1799191772 6762
1424293908 6958
492308442 7154
3582492031 7350
3389915363 7546
2712785791 7742
2622446474 7938
3923468119 8134
2367182968 8330
91151503 8526
439976107 8722
1342459984 8918
1547365751 9114
4171515964 9310
3521601025 9506
14724392 9702
39470037 9898
4206396855 306
3347683435 510
2592721859 714
664354601 918
2758652769 1122
2333304830 1326
4131535424 1530
1333880320 1734
2770654215 1938
3116952576 2142
4146229794 2346
2876776544 2550
2463416151 2754
4037491911 2958
2921221732 3162
2669514758 3366
4068232793 3570
2047269246 3774
3797850820 3978
167593358 4182
208664472 4386
2006156361 4590
3525882875 4794
1029003581 4998
641918218 5202
2921704578 5406
1305924039 5610
1850332826 5814
1458801481 6018
2272906418 6222
2370000774 6426
46377114 6630
889177167 6834
49824219 7038
3216564240 7242
615921737 7446
3169620815 7650
1310767762 7854
2988819059 8058
2483358652 8262
3620427959 8466
3622463826 8670
178787860 8874
2586255398 9078
1073445746 9282
523951040 9486
2924987390 9690
4169347946 9894
16780816 10098
3262672487 10302
3775444396 318
828332533 530
2939188103 742
4238591855 954
2996737094 1166
552468729 1378
4209618640 1590
2673011823 1802
2936008162 2014
1327198828 2226
2549246725 2438
2061863882 2650
1645125058 2862
2059544272 3074
1910451509 3286
3443043918 3498
2919869638 3710
394012685 3922
1822266287 4134
3334694463 4346
1129277389 4558
1261481973 4770
4074566231 4982
1698314626 5194
538194345 5406
3792471540 5618
2145995340 5830
2118995172 6042
1261630499 6254
1091463695 6466
3549083091 6678
1105636506 6890
468391772 7102
4152322790 7314
3804075448 7526
1413387611 7738
3789261987 7950
597490846 8162
4165425633 8374
1967100604 8586
2838906104 8798
1580580800 9010
2550326034 9222
1139210553 9434
749002387 9646
2317256847 9858
356351958 10070
3736847891 10282
3124002087 10494
2341927209 10706
2903636103 330
1999448672 550
3199235208 770
319315102 990
323720913 1210
3690330702 1430
3286728285 1650
23467383 1870
3203099106 2090
2882836617 2310
732263110 2530
3365173010 2750
2925608754 2970
3104635249 3190
1235034182 3410
3722160088 3630
2946009423 3850
3662345102 4070
1192560559 4290
3826863800 4510
196858308 4730
2645399844 4950
1534919456 5170
2354735917 5390
2383326623 5610
2860714533 5830
2917021235 6050
1906454135 6270
2599203678 6490
1278195613 6710
3309139589 6930
2397604479 7150
2932117995 7370
689323162 7590
313033625 7810
1750339684 8030
2301242258 8250
4227273932 8470
852114277 8690
78737095 8910
3337829252 9130
3607941004 9350
1619414809 9570
2117402959 9790
3193538956 10010
4225548592 10230
3929705926 10450
3043116436 10670
1221931615 10890
2255972316 11110
2996922643 342
537126320 570
1686520170 798
1622884799 1026
1626453785 1254
102845566 1482
3579227981 1710
1692223123 1938
370515544 2166
3312912275 2394
4276939040 2622
117248076 2850
1654988638 3078
3006436736 3306
2972759216 3534
1804574649 3762
2896418123 3990
4243299619 4218
3954825184 4446
1954050562 4674
1523268192 4902
1311993302 5130
4182178807 5358
253116026 5586
1419380995 5814
2217954634 6042
4163968269 6270
4049197304 6498
499878525 6726
522810812 6954
2018378802 7182
2078793866 7410
2193730209 7638
3928154143 7866
2235792345 8094
1876300153 8322
1617243981 8550
508918516 8778
594336075 9006
886693307 9234
3602156409 9462
601103502 9690
3544488668 9918
1601075495 10146
1945619381 10374
1335079283 10602
1508204863 10830
2238326185 11058
3059845005 11286
51573556 11514
3583594249 354
3581929036 590
1270214070 826
2075573955 1062
714986020 1298
1221200334 1534
2587907803 1770
1242106831 2006
1486227431 2242
1649264109 2478
4218074165 2714
198589417 2950
3228071760 3186
4279859504 3422
2387546355 3658
3619320149 3894
2109173188 4130
854709560 4366
3020540284 4602
429875321 4838
2992237926 5074
1547113431 5310
2741106293 5546
3874883971 5782
2948064448 6018
2573750245 6254
267760450 6490
533822938 6726
2599529486 6962
438268389 7198
3751182956 7434
2824002318 7670
3550887448 7906
4178789989 8142
3745018179 8378
3609127744 8614
3835365327 8850
1910380676 9086
1663656877 9322
2101465993 9558
4259241360 9794
317297151 10030
2559270314 10266
305119544 10502
1365261709 10738
1081653696 10974
2115096832 11210
1267309863 11446
896273091 11682
1326317723 11918
3027829851 366
2496832513 610
2130859093 854
1199222110 1098
2902266467 1342
2786572626 1586
2972500596 1830
2722131254 2074
3443984401 2318
4292894717 2562
438334444 2806
726909902 3050
517199719 3294
1983431219 3538
477616052 3782
3990209564 4026
3206744406 4270
2102013211 4514
3799422899 4758
1088111998 5002
1859929909 5246
3811717199 5490
901489757 5734
1282575591 5978
951618961 6222
2802124535 6466
411723508 6710
3632100748 6954
3201789692 7198
3183249933 7442
2792794642 7686
519854457 7930
1279844150 8174
3131121691 8418
2638954496 8662
1343261930 8906
2099994716 9150
2776022262 9394
1749895598 9638
407410178 9882
2217416583 10126
1717300578 10370
533736839 10614
867943392 10858
69925848 11102
3170672292 11346
1937101056 11590
4223845924 11834
2239573379 12078
1082165256 12322
2197796719 378
3285068721 630
72989111 882
3392984434 1134
571726254 1386
589239409 1638
2733790824 1890
1393378494 2142
2238552755 2394
2603075567 2646
3421638331 2898
942930586 3150
34432300 3402
4044638562 3654
3074990726 3906
4053027025 4158
2559177434 4410
2595035797 4662
3719824127 4914
1548792090 5166
2712364642 5418
121696366 5670
4235248188 5922
1945849023 6174
171331761 6426
3133238435 6678
250190259 6930
4045633844 7182
3163754577 7434
674882903 7686
1524027700 7938
2174854336 8190
46190918 8442
3075677674 8694
174608060 8946
1149985230 9198
1509260438 9450
3001955226 9702
1850105076 9954
3629288946 10206
3453073602 10458
428030245 10710
2579150861 10962
3598156348 11214
3279530826 11466
1524782150 11718
3884959595 11970
1203651302 12222
1816225989 12474
4094291614 12726
620950182 390
4102425848 650
83772268 910
237880310 1170
2003896541 1430
723098791 1690
2608229488 1950
181801475 2210
1054863717 2470
230577840 2730
92304682 2990
2919199761 3250
313807347 3510
519436923 3770
2403283475 4030
2734543700 4290
3173416278 4550
2074313809 4810
93213186 5070
1279511666 5330
873587916 5590
1029526274 5850
1289732458 6110
4187749987 6370
2832638641 6630
1553125973 6890
738864706 7150
2981284242 7410
1755453769 7670
1460585128 7930
1051094171 8190
970510420 8450
3410629283 8710
4067439576 8970
3129023831 9230
1222472145 9490
1960216589 9750
783673084 10010
350968572 10270
2727839624 10530
3950072721 10790
920157392 11050
2517441675 11310
2894888983 11570
2704462153 11830
2735393056 12090
94622948 12350
1313639742 12610
1261324170 12870
3163258717 13130
1866014955 402
1066663610 670
304586097 938
3887177154 1206
1309553992 1474
1143564350 1742
959242053 2010
259742201 2278
1064071581 2546
3159417586 2814
3855876776 3082
1147955773 3350
2543997452 3618
2213503708 3886
2884574531 4154
593375775 4422
135986287 4690
2522705265 4958
1261906369 5226
648817203 5494
2579268235 5762
2373649954 6030
25885391 6298
3974602160 6566
2635911735 6834
163240196 7102
2453230000 7370
671936447 7638
2649020558 7906
3375382321 8174
978867333 8442
3294589986 8710
3872479777 8978
3732646017 9246
1612880019 9514
2900370715 9782
1988438743 10050
3679213597 10318
3010019362 10586
3864811395 10854
2450073321 11122
3220366159 11390
1682312231 11658
1293710747 11926
3032114849 12194
337517325 12462
2850379277 12730
3825557154 12998
409186702 13266
2341614203 13534
361803458 414
417394667 690
3812469840 966
3962533105 1242
1624896163 1518
232686572 1794
3230761925 2070
4248965228 2346
2784929216 2622
3860539507 2898
3099115967 3174
1710403721 3450
966499188 3726
132537554 4002
3125846412 4278
1667275685 4554
1734765965 4830
395517774 5106
2211027551 5382
2597173957 5658
3537832211 5934
675984777 6210
454762717 6486
929603687 6762
2740894795 7038
61066538 7314
1372039563 7590
4036921269 7866
3579058893 8142
2803965731 8418
4105117822 8694
3589452076 8970
3852894520 9246
3349352821 9522
1019106743 9798
2934436482 10074
2649429794 10350
2564608710 10626
1235487607 10902
1907880136 11178
3805580460 11454
2867839939 11730
1366710492 12006
1388563118 12282
4136561107 12558
2325312821 12834
3749557807 13110
697108962 13386
3171794382 13662
114208065 13938
1395720022 426
1378702669 710
1778087823 994
1292936091 1278
344999140 1562
1422784381 1846
3619576553 2130
2311221330 2414
2834232782 2698
2494576835 2982
1120624171 3266
212212428 3550
3750263546 3834
2188604499 4118
2303131342 4402
842566836 4686
575486529 4970
2415732188 5254
2856696906 5538
711446602 5822
1570003373 6106
282189805 6390
2905269461 6674
3577618065 6958
2995373424 7242
2379920603 7526
3128850409 7810
2878002464 8094
351649489 8378
3483954868 8662
2879366868 8946
2474356922 9230
4283633339 9514
4035619618 9798
3053230245 10082
2356344741 10366
1773177829 10650
1128049160 10934
350185376 11218
2489321732 11502
314057633 11786
802113996 12070
3289621466 12354
343221993 12638
1836005117 12922
2045350325 13206
1536469754 13490
734193969 13774
444591972 14058
3812219677 14342
2208546313 438
2397879731 730
3886386079 1022
2328246779 1314
389138681 1606
2876836686 1898
3064097654 2190
1323603296 2482
3354475353 2774
4218828574 3066
417534135 3358
3757695822 3650
3829576061 3942
370026772 4234
3064631899 4526
354698217 4818
2112084745 5110
2946465750 5402
3558642763 5694
3438416878 5986
3380331702 6278
3700253788 6570
452124365 6862
445084767 7154
119953520 7446
3857331218 7738
708141359 8030
3014665472 8322
3244082545 8614
2337433473 8906
2092304876 9198
3574156218 9490
3824833849 9782
1817681170 10074
1755338523 10366
93628656 10658
522957483 10950
2306369255 11242
740893472 11534
1448543422 11826
3460976972 12118
21388052 12410
3018941084 12702
86750844 12994
4110489510 13286
1912433810 13578
3906116554 13870
2464943305 14162
1202211806 14454
3280590278 14746
1024913560 450
2645425411 750
3296874261 1050
278727793 1350
4133900312 1650
1115349386 1950
1515606509 2250
39818924 2550
3451083688 2850
2403376300 3150
2069340285 3450
2466582313 3750
2828440696 4050
1233687672 4350
401180274 4650
3134493774 4950
3789986250 5250
2228727344 5550
2060877642 5850
1792380657 6150
854035445 6450
3961128148 6750
1468979169 7050
1574102191 7350
3758070458 7650
1328672152 7950
2774956773 8250
3843833656 8550
2859492817 8850
1029480271 9150
4114958172 9450
2600903456 9750
2521829906 10050
3021701076 10350
1828310318 10650
878622383 10950
2981819481 11250
51762234 11550
3945906444 11850
1557884783 12150
3889862569 12450
819553593 12750
3059647677 13050
1667494947 13350
3921586285 13650
3279683225 13950
3827702190 14250
2159287499 14550
4033473117 14850
121197462 15150
3356617752 462
4290402279 770
1478035399 1078
238335181 1386
2217058631 1694
3092319592 2002
2382661429 2310
1625458194 2618
2332566146 2926
1444565765 3234
3522770778 3542
1468952329 3850
1350302218 4158
3891591805 4466
2892963293 4774
763123589 5082
1474172288 5390
2228587388 5698
4290613472 6006
284175192 6314
3732722417 6622
145539911 6930
3488600530 7238
2119790928 7546
552240226 7854
926359973 8162
3019600974 8470
3027097250 8778
3138071705 9086
3710824430 9394
4010808745 9702
4023205695 10010
3916357844 10318
438123554 10626
403995276 10934
2174772838 11242
161463904 11550
2471028932 11858
701149536 12166
3777998718 12474
2940229310 12782
1478182548 13090
4262136379 13398
3945350458 13706
968165660 14014
1270759814 14322
1270489070 14630
3637283645 14938
2500807559 15246
3555562230 15554
441162967 474
895629955 790
285174632 1106
3087365893 1422
1619999457 1738
4276907836 2054
1168549926 2370
3661869609 2686
2487632390 3002
765145829 3318
836716407 3634
826672013 3950
2200173560 4266
2984978639 4582
1281064011 4898
2687180393 5214
1945846466 5530
4153285530 5846
1864444470 6162
809422694 6478
3684799612 6794
3619681474 7110
3177109328 7426
1750697444 7742
64307363 8058
945986636 8374
1773733195 8690
2432400177 9006
2665384980 9322
2963174016 9638
543083280 9954
928728073 10270
3497225413 10586
2571554087 10902
1022973676 11218
330551615 11534
2188926415 11850
2966762305 12166
3687944038 12482
2840936381 12798
1043725325 13114
3620168445 13430
600332058 13746
2636741592 14062
2392358356 14378
821444170 14694
2833479563 15010
2762167740 15326
2605405752 15642
1701186035 15958
3638511158 486
1378020111 810
1534117861 1134
616436658 1458
974588048 1782
3186117791 2106
4127762731 2430
3401380537 2754
3392908107 3078
3428637393 3402
621861306 3726
144872990 4050
2318733131 4374
3821964767 4698
2484529256 5022
4073658826 5346
4064483971 5670
72835087 5994
2718909583 6318
1876325431 6642
2990884011 6966
3599362287 7290
2898475525 7614
2990744878 7938
4195756012 8262
3226768529 8586
3416324595 8910
4279695752 9234
1678805732 9558
2230705811 9882
1697059451 10206
3377977205 10530
2980379422 10854
667719779 11178
2816604442 11502
3619368450 11826
3774562555 12150
1289866347 12474
2933290261 12798
1283862435 13122
2726435278 13446
471016748 13770
738895567 14094
1357592903 14418
3523743637 14742
2482956088 15066
3914371294 15390
4027450163 15714
3179797946 16038
1190252970 16362
4200854692 498
623024857 830
1062750950 1162
2293877651 1494
4164127133 1826
1686273692 2158
572373781 2490
1369285266 2822
1632214645 3154
582306283 3486
782586571 3818
3595810432 4150
3314587026 4482
60405040 4814
3670388837 5146
350813896 5478
796782470 5810
2965118578 6142
2148273286 6474
1089981689 6806
1472141176 7138
528691521 7470
3875472719 7802
2352300025 8134
1739850256 8466
1492232007 8798
3929018537 9130
160466800 9462
3669980934 9794
2627649972 10126
4043133113 10458
3210913108 10790
1691972798 11122
33954601 11454
4213647497 11786
2885455121 12118
1523209441 12450
2854320168 12782
1976596709 13114
2741202095 13446
3318001047 13778
2799245416 14110
567842868 14442
991598783 14774
3611726294 15106
1785523946 15438
3013358726 15770
1023030424 16102
1764858527 16434
2275345959 16766
1582481077 510
159999362 850
3195172632 1190
417601042 1530
2221422982 1870
4141394269 2210
3729316397 2550
2436601147 2890
1010694798 3230
922858918 3570
4217738421 3910
4132949874 4250
3467595340 4590
1357431879 4930
2593376150 5270
3259361550 5610
3753855698 5950
3532644942 6290
871127480 6630
339646703 6970
1818464786 7310
2027273243 7650
305221043 7990
1475975667 8330
3947931678 8670
4140953003 9010
4271204934 9350
3573282569 9690
938531593 10030
2479586037 10370
276056242 10710
1571534821 11050
3479117326 11390
3187919854 11730
498355796 12070
2520752055 12410
3936136673 12750
877305267 13090
2784163755 13430
1026310458 13770
3117558186 14110
817506215 14450
81303895 14790
467273111 15130
670632931 15470
4214241887 15810
1050565266 16150
4066680041 16490
1987560810 16830
2636285903 17170
2311802434 522
2726351815 870
4226028168 1218
3039105013 1566
739287037 1914
2120652175 2262
4253565092 2610
65647782 2958
2427187292 3306
3318681651 3654
1761236855 4002
3832697009 4350
558215522 4698
3940684007 5046
1880957718 5394
337792287 5742
1847442580 6090
3327486335 6438
911918934 6786
216971513 7134
769000142 7482
1024344572 7830
1127865908 8178
60041269 8526
2620406322 8874
2765709309 9222
3558341871 9570
2322380481 9918
1048064812 10266
1117133329 10614
2175425874 10962
2196514701 11310
3545074137 11658
4194650224 12006
1075449913 12354
32829164 12702
629988017 13050
2900095354 13398
577523210 13746
289431178 14094
1588794093 14442
3967947275 14790
24173947 15138
693817937 15486
1678921665 15834
1184046625 16182
1627434577 16530
62145996 16878
4145155573 17226
3779304047 17574
429926204 534
1324354469 890
2182985648 1246
1583767431 1602
867307361 1958
2395484956 2314
496251954 2670
3985022869 3026
4118877361 3382
3272375363 3738
3768798642 4094
2461225519 4450
3643769517 4806
636985315 5162
502618635 5518
459158063 5874
3669480635 6230
1212058316 6586
436614691 6942
3695561748 7298
3921223662 7654
2230260992 8010
2329856734 8366
3683113902 8722
2695562925 9078
4246700368 9434
1047163699 9790
306324120 10146
2805758781 10502
3105290456 10858
1585345434 11214
3315181644 11570
3275502235 11926
2317157184 12282
813115497 12638
2373410342 12994
3910843707 13350
3000117015 13706
2857633740 14062
3005491366 14418
3518360108 14774
4082564449 15130
2900259240 15486
3707802654 15842
623014570 16198
3418782720 16554
2931477762 16910
4003441507 17266
2929702784 17622
2526188077 17978
1005787866 546
2673413950 910
2315373757 1274
3837098632 1638
3196512285 2002
1799809527 2366
2983146297 2730
3333745499 3094
2943528065 3458
1533860260 3822
1203477416 4186
2660791732 4550
1327684226 4914
3071955148 5278
2136514260 5642
2067354784 6006
300751241 6370
629141945 6734
915972163 7098
3114519396 7462
2726880809 7826
86663262 8190
2700876603 8554
4216360554 8918
173357152 9282
1554929635 9646
1435325705 10010
2451311132 10374
641932658 10738
1670365896 11102
552405989 11466
846696241 11830
2533991424 12194
3734087028 12558
1223439231 12922
275469667 13286
942458834 13650
3309314114 14014
3830543337 14378
3893924195 14742
542439446 15106
377460021 15470
1250281817 15834
534333081 16198
3308290378 16562
1194879375 16926
2781430977 17290
1294915212 17654
3882274273 18018
3664715598 18382
3640707067 558
1012379227 930
1389635673 1302
925185568 1674
2461395985 2046
264079255 2418
984163969 2790
1545730633 3162
2432147976 3534
3360267036 3906
2087537423 4278
3993704070 4650
2700472705 5022
3668755785 5394
4146699526 5766
1438050530 6138
2650057300 6510
3417842252 6882
1110108152 7254
2390579043 7626
275276558 7998
1459137531 8370
3259526764 8742
971915300 9114
113359236 9486
976678404 9858
1711633006 10230
687028160 10602
1355112011 10974
613386839 11346
3059452453 11718
3050998058 12090
4267070168 12462
58615184 12834
1351373880 13206
1002981384 13578
1058938184 13950
1212306545 14322
1361701663 14694
3186624933 15066
2924105594 15438
2160511933 15810
4007124197 16182
841621927 16554
3832735177 16926
2961301503 17298
3600787688 17670
1194854931 18042
1061316511 18414
141146352 18786
2343146306 570
2117101380 950
2861040660 1330
4228952577 1710
550113903 2090
3764726623 2470
1298251031 2850
911198916 3230
1731695811 3610
2861144661 3990
2230073692 4370
334804909 4750
741991874 5130
3245552571 5510
2476822329 5890
3913839797 6270
760424194 6650
101822456 7030
3180572504 7410
3011606626 7790
3047619817 8170
4271235166 8550
618771652 8930
1996997819 9310
2205777805 9690
1483046846 10070
2899208037 10450
2648000647 10830
3108134165 11210
3881397882 11590
3560521163 11970
3168848829 12350
488444395 12730
210352824 13110
3010798900 13490
3431247470 13870
989362976 14250
2563874309 14630
3189847731 15010
4080149742 15390
1700861517 15770
1969834510 16150
1838039965 16530
909365288 16910
554181851 17290
3108842798 17670
2356611530 18050
1153771703 18430
2746714653 18810
1703063328 19190
2865619505 582
4170709828 970
3781120406 1358
3029637245 1746
2088848695 2134
388016213 2522
743537113 2910
1553907107 3298
3334365212 3686
1532840476 4074
3226878290 4462
732499842 4850
3262932882 5238
3908451424 5626
1175119793 6014
3295715301 6402
2317483837 6790
906992867 7178
777504334 7566
2509774370 7954
2488033572 8342
3653454952 8730
2822954310 9118
2895485978 9506
2957290807 9894
636393574 10282
3692424538 10670
3148275507 11058
1595799554 11446
1429078026 11834
1677312289 12222
2192298809 12610
172593176 12998
2590007323 13386
2636947876 13774
3590132916 14162
2497148434 14550
3944420678 14938
2141033120 15326
1404896858 15714
837558101 16102
1207634906 16490
1073964571 16878
2254045716 17266
970524829 17654
3096266434 18042
4211466928 18430
1302411539 18818
1257171299 19206
665879263 19594
1028185870 594
683789125 990
209790664 1386
357760641 1782
357150363 2178
2353056280 2574
4025005326 2970
2464451882 3366
3152960704 3762
2712437245 4158
1405689763 4554
3978059547 4950
2224963648 5346
1040887076 5742
2938608175 6138
2312351093 6534
1503407561 6930
3172019163 7326
3976431762 7722
3568417101 8118
1188727341 8514
3291330695 8910
204197058 9306
1688141378 9702
4130338822 10098
3689195940 10494
908604763 10890
2121794611 11286
1036859796 11682
1447509184 12078
3575884247 12474
1060156148 12870
1310508715 13266
2839739055 13662
1042817108 14058
1382350861 14454
3817946964 14850
2951391778 15246
863685432 15642
2014359237 16038
3685907610 16434
361596399 16830
766989694 17226
999536155 17622
1766223919 18018
614437976 18414
2574778391 18810
545972807 19206
1890301501 19602
1221815296 19998
2438201612 606
999687297 1010
1387090759 1414
3300069402 1818
912135886 2222
857327777 2626
2116918280 3030
4045605655 3434
3309038430 3838
3508099905 4242
3800536783 4646
3167041482 5050
3526065109 5454
532691303 5858
2247193635 6262
382725703 6666
4042207420 7070
1884369163 7474
4289197155 7878
40436593 8282
1280569909 8686
249446354 9090
2753944382 9494
3815401997 9898
776263627 10302
2839321387 10706
3080327961 11110
215173008 11514
227260744 11918
1728635339 12322
926581314 12726
536231421 13130
1730113657 13534
434818997 13938
35219745 14342
4177529113 14746
1977064004 15150
1977926194 15554
3370729403 15958
2086113797 16362
3579033785 16766
152770183 17170
2837535213 17574
255654062 17978
1346244411 18382
2112346081 18786
1214472809 19190
3202896888 19594
201090512 19998
1188093472 20402
