2886030276 18
3322496057 30
2291156382 42
4016741657 54
3456037444 66
1013063448 78
769933025 90
3472777750 102
4271904450 114
600261310 126
1112973498 30
3243992706 50
2210725304 70
898689549 90
1593590264 110
1321124220 130
3492460432 150
2111776161 170
3607953158 190
3884579075 210
1483288790 42
1815496267 70
2375303052 98
2912655210 126
4012256974 154
1639521041 182
1235254738 210
2634837135 238
4116132392 266
2991319418 294
2068176288 54
2931773708 90
2420750580 126
3768165409 162
1009312551 198
234448948 234
2370157409 270
1698815105 306
3898578574 342
1824907094 378
3468958985 66
2253951933 110
504380368 154
3244881563 198
1934261191 242
2172016663 286
38759730 330
2760779760 374
1325451806 418
1188495946 462
2067912909 78
692983387 130
229231318 182
610358200 234
300996109 286
60776922 338
1406553294 390
428080013 442
3481528456 494
3194386518 546
2368529392 90
405274261 150
2236613626 210
871481616 270
1214836939 330
3629762708 390
104413087 450
2765541032 510
4207455760 570
547726382 630
1669303581 102
2071582742 170
4079958498 238
984697688 306
1567227511 374
988402767 442
3677877335 510
3079611075 578
3939974116 646
2594400010 714
25444794 114
347161191 190
1918435312 266
1375205060 342
3258892186 418
4068443975 494
2452651405 570
3263475107 646
4193252794 722
3826634072 798
2616384170 126
1421986395 210
1412101908 294
2096402313 378
2875956917 462
3859309286 546
1667142583 630
503254081 714
2099532476 798
3274346721 882
